608,344,17,8
607,344,17,8
607,344,17,8
606,344,17,8
605,344,17,8
604,344,17,8
603,344,17,8
603,344,17,8
602,344,17,8
602,344,17,8
601,344,18,9
601,343,18,9
600,343,19,10
599,342,19,11
598,342,18,12
597,341,18,13
597,341,18,13
597,341,18,13
597,341,18,13
597,341,18,13
597,341,18,13
597,341,18,13
597,341,18,13
597,341,18,13
597,341,18,13
597,341,18,13
597,341,18,13
597,341,18,13
600,342,17,12
604,342,17,12
607,343,16,11
607,343,16,11
607,343,16,11
607,343,16,11
607,343,16,11
607,343,16,11
607,343,16,11
607,343,16,11
607,342,17,12
607,342,17,12
607,342,17,12
607,342,17,12
607,342,17,12
608,342,16,12
608,342,16,12
609,342,15,12
609,342,15,12
610,342,15,12
610,342,15,12
610,342,15,12
610,342,15,12
610,342,15,12
611,342,15,12
612,341,15,12
613,341,15,12
613,340,15,12
613,340,15,12
613,339,15,12
613,338,15,12
614,338,15,12
614,337,15,12
614,337,15,12
614,337,15,12
614,337,15,12
614,337,15,12
614,337,15,12
614,337,15,12
615,337,15,11
615,336,15,9
616,336,15,8
616,336,15,8
616,336,15,8
616,336,15,8
615,335,15,8
615,335,15,8
614,334,15,8
614,334,15,8
614,333,14,8
614,333,14,8
614,332,14,8
613,332,14,8
613,331,14,8
613,331,14,8
613,331,14,8
613,331,14,8
612,330,15,8
612,330,15,9
611,329,16,9
611,329,16,9
612,329,16,9
612,329,16,9
612,329,16,9
612,329,16,9
612,329,16,9
612,329,16,9
612,329,16,9
612,329,16,9
611,328,16,10
610,327,16,10
609,326,16,11
609,326,16,11
609,327,16,10
609,327,16,10
610,327,16,10
611,328,16,9
612,328,16,9
612,328,16,9
613,328,16,9
613,328,16,9
613,328,16,9
614,328,16,9
614,328,16,9
614,328,16,9
614,328,16,9
614,328,16,9
615,328,16,9
615,328,16,9
616,328,16,9
617,328,16,9
618,327,16,9
619,327,16,9
619,327,16,9
619,328,16,9
619,328,16,9
620,328,16,9
620,328,17,9
621,328,17,9
621,328,17,9
621,328,17,9
621,328,17,9
621,328,17,9
622,328,17,9
622,328,17,9
623,328,17,9
623,327,16,10
624,327,16,10
625,327,16,10
625,326,17,11
626,326,17,11
626,326,17,11
627,326,17,11
627,326,17,11
627,326,17,11
628,325,17,11
628,325,17,11
629,325,17,11
629,325,17,11
630,325,17,11
630,325,17,11
630,325,17,11
630,325,17,11
631,325,17,11
632,324,17,11
633,324,17,11
633,324,17,11
634,323,17,11
634,323,17,11
634,323,17,11
635,323,18,12
635,323,18,12
636,323,18,12
636,323,18,12
637,323,18,12
637,323,18,12
638,323,18,12
638,323,18,12
638,323,18,12
639,323,18,12
639,323,18,12
640,323,18,12
640,323,18,12
641,323,18,12
641,323,18,12
642,323,18,12
642,323,18,12
643,323,18,12
643,323,18,12
644,323,18,12
644,323,18,12
645,323,18,12
645,323,18,12
645,323,18,12
645,323,18,12
645,323,18,12
646,323,18,12
646,323,17,12
647,323,17,12
647,323,17,12
648,322,17,12
648,322,17,12
648,322,17,12
649,322,17,12
649,322,17,12
649,322,17,12
650,322,17,12
650,322,17,12
650,322,17,12
650,322,18,12
650,322,18,12
650,322,18,12
651,322,19,12
651,322,19,12
651,322,19,12
652,322,19,12
652,322,19,12
652,322,19,12
653,322,19,12
653,322,19,12
653,322,19,12
654,322,19,12
654,322,19,12
655,322,19,12
655,323,19,12
656,323,19,12
656,323,19,12
656,323,19,12
656,323,19,12
656,323,19,12
656,323,19,12
656,323,19,12
656,323,19,12
656,324,19,12
656,324,19,12
656,324,19,12
656,324,19,12
656,324,19,12
656,324,19,12
655,324,19,12
655,324,19,12
655,324,19,12
654,324,19,12
654,324,19,12
654,324,19,12
653,324,19,12
653,324,19,12
652,324,19,12
652,324,19,12
651,324,19,12
650,324,19,12
650,325,19,12
649,325,19,12
649,325,19,12
648,325,19,12
648,325,19,12
648,325,18,12
647,325,18,12
647,325,17,12
647,325,17,12
646,325,18,12
646,325,18,12
645,325,18,12
644,325,19,12
643,325,19,12
642,325,19,12
642,326,19,12
641,326,19,12
641,326,19,12
641,325,19,12
641,325,19,12
640,325,19,12
639,326,19,12
638,326,19,12
637,326,19,12
637,326,19,12
636,326,19,12
636,326,19,12
635,325,19,12
635,325,19,12
634,325,19,12
633,324,19,12
632,324,19,12
632,324,19,12
632,325,19,12
632,325,19,12
631,325,19,12
631,325,19,12
630,325,19,12
629,325,19,12
629,325,19,12
628,325,19,12
628,325,19,12
628,325,19,12
628,325,19,12
627,325,19,12
627,324,20,12
626,324,20,12
625,324,20,12
624,325,20,12
623,325,20,12
623,325,20,12
622,325,20,13
622,325,20,13
622,325,20,13
621,326,20,13
621,326,20,13
620,326,20,13
619,327,20,13
618,327,20,13
617,327,20,13
617,327,21,13
616,327,21,13
616,327,21,13
615,327,21,13
615,327,21,13
614,327,21,13
614,327,21,13
613,327,21,13
612,327,21,13
612,327,22,13
611,327,22,13
610,327,22,13
610,326,22,13
609,326,22,13
608,326,22,13
608,326,23,13
607,326,23,13
607,326,23,13
606,326,23,13
606,326,23,13
605,326,23,13
604,326,23,13
603,326,23,13
603,326,23,13
603,326,23,13
603,326,23,13
602,326,23,13
601,327,23,13
600,327,23,13
601,327,23,13
601,326,23,13
602,326,23,13
602,326,23,13
601,327,23,14
601,327,23,14
601,327,23,14
602,327,23,14
602,327,23,14
602,327,23,14
603,327,23,14
603,327,23,14
603,327,23,14
602,327,23,14
602,327,23,14
602,327,23,14
602,327,24,14
602,327,24,14
602,327,24,14
601,327,24,14
601,327,24,14
601,327,24,14
601,327,24,14
601,327,24,14
601,327,24,14
602,327,23,14
602,327,23,14
602,327,23,14
602,327,23,14
602,327,23,14
602,327,23,14
602,327,23,14
602,327,23,14
602,327,23,14
602,327,23,14
602,327,23,14
602,327,23,14
603,327,23,14
603,327,23,14
603,327,23,14
604,327,23,15
604,327,23,15
604,327,23,15
605,326,23,15
605,326,23,15
605,326,24,15
605,326,24,15
605,326,25,15
605,326,25,15
605,326,25,15
605,326,25,15
605,326,25,15
606,327,25,15
606,327,25,15
606,327,25,15
606,327,25,15
606,327,25,15
607,327,25,15
607,327,25,15
608,327,25,15
608,327,25,15
608,328,25,15
608,328,25,15
608,328,25,15
608,327,25,15
608,327,25,15
609,327,25,15
609,327,24,15
610,327,24,15
610,327,24,15
610,327,24,15
610,327,24,15
610,327,24,15
610,328,25,15
610,328,25,15
610,328,25,15
610,327,26,16
610,327,26,16
610,327,26,16
610,327,26,16
610,327,26,16
610,327,26,16
610,328,27,17
610,328,27,17
610,328,27,17
610,328,27,17
610,328,27,17
610,328,27,17
610,327,27,17
610,327,27,17
610,327,27,17
610,327,27,17
610,327,27,17
610,327,28,17
610,327,28,17
610,327,29,17
610,327,29,17
611,327,29,17
611,327,29,17
611,327,29,17
612,328,29,17
612,328,29,17
612,328,29,17
612,328,29,18
612,328,29,18
613,328,29,18
613,328,30,18
614,328,30,18
614,328,30,18
614,328,30,18
614,328,30,18
614,328,30,18
614,328,30,18
614,328,30,18
614,328,31,18
614,328,32,18
614,328,33,18
615,328,32,18
616,328,32,18
617,328,31,18
617,328,31,19
617,328,31,19
617,328,31,20
617,328,32,20
617,328,32,20
617,328,33,20
617,328,33,20
617,328,34,20
617,328,34,20
617,328,35,21
617,328,35,21
617,328,36,22
617,328,36,22
618,328,35,22
618,328,35,22
619,328,35,22
620,329,34,21
621,329,34,21
621,329,34,21
622,330,34,21
622,330,34,21
622,330,34,21
622,331,34,21
622,331,34,21
623,331,34,21
624,331,34,21
625,331,34,21
625,331,34,21
626,331,34,21
626,331,34,21
626,331,34,21
627,332,34,21
627,332,34,21
628,332,34,21
628,331,34,21
629,331,34,21
630,331,33,21
632,332,33,21
633,332,32,21
633,332,32,21
634,332,32,21
634,332,32,21
634,332,32,21
634,332,32,21
634,332,32,21
635,332,32,21
636,332,32,21
637,332,32,21
637,332,32,21
638,332,32,21
638,332,32,21
639,332,32,21
639,332,32,21
640,332,32,21
640,332,32,21
641,332,32,21
641,332,32,21
641,333,32,21
642,333,32,21
642,334,32,21
642,334,32,21
642,333,32,22
642,333,32,22
642,333,32,23
643,334,32,23
643,334,32,24
643,334,32,25
644,334,32,25
644,334,32,26
644,334,31,26
645,334,31,26
645,334,30,26
645,334,30,26
645,334,30,26
645,334,30,26
645,334,30,26
646,334,29,26
646,334,29,26
646,334,29,26
646,334,29,26
646,334,29,26
646,335,29,26
645,335,29,27
645,336,29,27
644,336,29,27
643,337,30,28
642,337,30,28
641,337,30,28
641,338,30,29
640,338,30,29
639,338,30,29
639,338,30,29
