542,209,29,59
543,217,27,62
542,230,31,60
542,237,31,61
541,244,30,60
539,250,33,60
539,256,29,57
536,257,29,57
532,255,30,60
531,257,29,60
529,254,28,63
527,252,32,60
530,253,28,61
532,254,30,59
534,254,31,59
530,254,31,59
533,255,30,59
532,255,31,59
533,252,28,61
531,257,30,58
529,254,32,60
530,254,33,57
533,249,30,61
533,246,31,58
535,240,28,57
532,240,31,59
534,239,32,58
537,234,29,57
534,230,29,58
531,224,34,55
532,213,30,57
537,202,32,58
545,189,32,60
554,179,32,61
563,172,29,59
565,167,28,58
564,162,33,57
564,159,36,58
566,154,32,59
562,151,34,60
564,150,31,56
561,143,30,59
555,141,30,57
546,136,29,60
536,134,33,58
525,129,34,55
512,115,29,57
493,106,36,56
483,94,29,58
477,84,29,54
472,76,33,54
482,77,31,55
494,82,31,55
503,86,32,58
506,94,31,59
502,108,31,54
486,120,33,57
477,130,34,56
473,134,33,54
468,145,35,53
467,156,40,59
473,170,36,59
480,185,34,59
481,198,37,59
482,203,38,53
488,202,32,56
487,198,38,57
487,198,45,54
488,194,38,52
491,193,37,53
497,190,40,52
501,190,40,56
505,186,46,52
507,177,40,56
513,173,34,52
509,166,39,55
513,159,36,55
513,152,36,54
517,146,36,52
513,142,42,53
521,134,44,52
527,127,40,54
533,122,44,51
552,119,36,56
561,118,34,56
569,119,42,56
579,122,41,55
586,126,36,55
593,128,37,53
595,130,40,54
605,131,36,51
604,133,39,52
596,134,40,51
579,130,46,55
572,130,44,56
564,133,49,53
563,133,38,52
559,135,44,47
555,136,50,54
561,144,40,50
557,150,46,50
551,149,46,51
548,146,46,54
548,142,46,52
544,140,43,50
547,135,43,54
552,134,42,55
558,134,41,52
563,132,42,55
565,134,42,56
569,138,46,52
569,138,48,52
569,135,50,50
565,130,52,53
562,128,54,54
559,133,54,50
561,132,49,54
558,136,52,50
551,137,60,48
557,134,51,50
555,134,51,50
549,133,55,49
543,128,59,54
539,128,52,47
535,126,60,52
528,134,56,48
513,145,63,51
508,150,61,52
504,155,58,52
501,175,57,47
481,197,64,52
451,254,62,45
425,266,64,48
397,258,68,48
377,243,72,48
369,225,61,43
361,202,64,45
371,187,67,42
417,154,71,49
455,138,71,44
497,126,68,41
533,115,74,45
557,113,68,41
569,114,71,43
569,119,67,41
556,125,71,42
543,134,69,41
531,142,70,42
502,138,79,37
484,126,75,38
467,111,72,39
451,99,68,39
431,89,68,36
415,71,74,43
409,59,72,40
399,51,71,32
389,41,71,35
376,30,72,39
367,20,72,38
347,10,73,34
329,1,77,32
308,0,76,21
308,0,76,21
272,1,80,15
274,3,74,30
277,43,73,34
281,95,69,30
276,115,76,29
274,145,67,32
264,161,73,32
253,162,76,31
253,156,72,35
257,148,76,37
270,146,69,34
291,145,65,34
302,149,69,32
314,160,74,35
317,165,75,36
320,172,71,33
323,174,68,37
324,175,71,38
332,179,72,35
338,177,75,37
355,176,73,37
367,179,72,34
376,179,72,37
380,178,76,39
386,183,80,39
396,187,72,39
396,192,76,39
392,197,78,35
396,203,74,38
392,211,77,34
391,214,78,34
388,218,73,36
389,222,76,38
388,224,72,36
387,225,77,36
387,221,77,41
386,217,76,42
385,219,78,37
387,217,73,35
387,213,73,37
384,205,75,40
392,193,72,40
404,189,72,37
407,182,74,39
408,176,72,37
401,169,75,41
398,175,74,36
390,175,76,38
383,178,73,36
372,182,76,32
366,178,72,38
355,183,69,37
344,183,74,37
341,189,76,36
340,201,75,30
338,202,74,38
333,209,73,40
325,217,80,38
327,224,75,33
325,225,71,36
322,227,74,35
325,225,78,36
339,225,70,34
351,222,74,36
369,227,67,35
382,228,68,34
394,233,73,36
397,236,73,37
403,241,74,34
410,245,70,33
408,245,72,39
408,245,78,39
412,251,72,36
412,249,71,35
408,246,81,38
417,240,75,41
419,239,73,38
420,239,72,39
421,237,74,36
426,233,66,39
425,237,72,36
426,235,68,35
421,231,72,41
420,231,69,39
419,235,63,34
408,225,71,43
400,228,68,39
393,231,68,37
388,229,67,37
380,225,71,40
376,227,68,35
373,230,70,32
374,232,71,34
378,233,70,32
384,232,72,39
392,237,71,36
396,237,72,35
397,235,71,37
391,235,77,35
392,238,69,35
388,239,74,35
388,240,72,33
392,242,69,34
399,240,62,38
398,238,75,39
403,244,74,34
416,243,67,35
418,244,63,34
415,244,70,29
416,245,70,29
416,245,71,32
423,241,68,36
428,242,64,34
429,241,69,32
435,241,69,32
442,239,66,33
446,239,66,27
450,233,67,31
453,232,69,29
454,229,67,30
459,229,67,28
460,226,67,32
456,224,72,29
456,225,72,27
455,222,73,27
455,219,69,30
456,222,67,27
456,219,69,26
455,218,66,27
453,215,67,26
454,213,66,25
452,209,69,27
450,208,67,29
448,209,68,27
449,205,64,29
447,205,68,27
448,202,67,29
449,199,69,30
448,202,69,27
448,198,68,27
448,197,62,27
444,198,64,25
440,196,64,29
434,199,64,26
428,197,66,28
424,200,63,25
420,197,63,28
418,200,64,29
417,197,66,31
414,201,67,26
409,199,68,30
412,199,69,28
417,198,65,29
413,199,67,28
414,198,63,28
411,199,63,26
410,199,63,27
412,201,65,28
418,201,66,30
429,202,67,30
440,204,68,29
445,205,68,29
448,205,64,30
445,206,63,29
442,206,61,30
439,208,61,28
436,207,61,27
432,205,64,32
435,208,61,26
433,208,65,29
436,206,58,32
434,206,62,30
435,207,62,29
435,205,60,32
434,205,61,31
436,203,61,30
435,206,67,27
445,200,60,32
445,199,63,32
449,201,63,28
452,203,61,28
452,197,64,32
452,196,65,33
455,196,65,29
460,197,56,28
456,193,67,33
457,193,66,31
462,193,64,28
469,187,63,34
469,188,63,29
471,189,61,32
465,187,63,33
471,188,53,31
462,185,60,32
457,185,59,32
456,182,58,35
450,184,61,30
448,185,63,29
445,180,60,33
444,180,58,30
438,179,62,31
436,178,59,34
431,177,61,32
429,177,63,32
434,177,58,32
435,177,63,33
434,177,66,32
436,177,59,32
440,178,61,31
454,178,60,31
470,176,61,29
484,175,57,30
490,174,55,31
484,175,63,30
484,175,63,30
461,171,58,33
447,173,58,32
432,173,60,31
415,173,65,30
406,175,64,28
403,172,62,32
407,176,63,30
413,174,65,33
419,178,64,31
420,179,68,31
432,178,64,33
440,180,68,31
461,180,66,29
476,181,64,32
496,180,65,31
509,179,64,32
514,180,66,28
516,176,71,30
514,177,70,30
510,175,68,31
500,176,72,28
498,175,68,26
494,171,68,31
492,172,71,27
489,172,71,29
487,172,69,28
485,169,71,31
478,170,75,29
480,167,72,29
477,169,70,27
479,167,66,28
475,163,69,30
472,164,69,30
472,164,66,29
466,165,67,28
464,165,62,24
458,163,66,26
452,166,70,23
448,165,68,25
444,163,69,27
443,164,65,23
437,164,64,24
429,161,63,27
419,162,67,24
414,159,65,27
408,161,66,25
401,161,64,24
398,161,64,27
398,162,68,27
401,161,67,28
405,161,69,25
405,161,66,26
403,159,67,27
397,162,70,23
395,159,68,25
392,160,65,25
386,161,69,24
378,161,66,24
375,162,62,24
370,159,63,26
369,161,63,28
366,162,62,24
363,161,66,27
357,160,71,25
358,156,66,27
363,159,65,25
364,156,60,29
359,159,65,22
353,157,63,24
348,157,64,27
340,157,66,27
337,157,63,28
332,159,64,23
328,159,67,23
332,157,61,25
332,157,64,26
330,157,69,26
336,157,68,25
343,157,64,25
340,155,67,28
336,155,68,26
336,152,64,29
330,156,67,27
330,157,63,27
326,158,65,28
326,160,63,27
324,160,61,28
319,161,61,30
314,163,66,28
312,165,60,28
308,166,61,28
303,169,65,30
306,172,63,30
315,177,59,30
320,183,61,29
321,188,63,27
326,190,63,26
331,191,59,30
332,194,64,28
333,196,65,26
335,197,61,25
336,197,60,29
340,200,62,29
347,204,55,25
348,204,62,26
353,203,60,29
356,207,64,27
353,209,69,30
356,213,66,24
356,209,66,29
359,213,63,25
354,209,66,32
351,213,61,28
349,209,61,33
349,215,60,29
351,215,54,33
348,216,58,31
345,217,61,32
344,221,58,29
343,220,57,29
341,219,59,33
342,222,52,30
336,221,56,28
334,222,58,31
330,221,55,30
327,222,57,33
329,222,59,34
328,225,56,29
324,223,57,32
323,226,53,31
321,225,54,34
320,225,54,32
318,225,56,34
316,226,57,35
313,229,57,33
315,229,53,34
311,230,53,36
310,233,54,33
308,236,55,32
308,237,55,33
310,237,53,36
311,240,52,33
312,240,52,32
316,237,52,37
333,238,51,35
342,239,54,34
353,240,55,32
360,239,52,34
363,237,56,36
372,241,43,32
369,240,50,34
364,240,52,35
367,239,49,35
368,238,52,35
370,240,51,33
368,239,50,32
364,239,50,32
372,237,45,35
370,239,45,32
364,238,46,35
361,237,44,34
355,237,48,36
349,241,53,31
348,239,52,34
345,244,54,29
350,241,49,35
351,243,47,34
353,244,51,32
354,245,53,32
356,245,56,35
356,248,52,33
354,250,50,35
352,252,49,34
344,253,56,32
340,255,53,32
336,255,54,35
333,256,53,35
335,257,52,35
336,258,56,37
335,260,54,36
336,261,52,39
334,261,54,39
336,262,57,39
335,264,57,40
340,267,55,37
341,267,55,38
346,269,56,38
348,269,56,38
356,270,57,37
364,273,54,36
367,272,56,38
369,275,56,34
368,273,58,39
369,276,54,35
367,277,54,36
361,277,57,37
360,279,56,35
360,278,56,38
360,281,60,36
366,281,59,36
369,285,55,33
368,285,58,33
364,281,61,39
360,285,60,35
358,286,62,35
358,286,60,35
356,286,60,34
352,289,62,36
355,293,57,32
356,293,62,33
357,293,63,31
361,292,64,37
364,295,65,33
364,297,68,30
365,297,65,32
363,297,61,32
356,297,67,36
356,300,63,33
352,301,68,32
356,302,66,34
360,305,68,32
365,306,69,31
372,305,67,33
376,306,71,32
380,309,70,32
385,310,69,30
395,310,62,30
398,311,66,33
399,311,68,34
400,314,68,32
404,316,68,31
406,316,66,32
408,317,66,32
404,321,70,30
399,321,71,28
395,325,66,24
389,322,67,33
383,325,67,28
373,329,74,27
372,325,70,30
369,328,65,23
363,329,69,28
361,330,67,29
364,330,68,32
372,333,67,31
386,337,70,28
402,337,71,26
418,337,70,27
432,337,68,29
442,340,68,24
445,341,70,28
444,343,67,28
437,345,70,26
430,346,67,29
418,349,67,27
409,347,68,29
404,347,65,26
396,345,65,29
389,346,70,29
393,347,63,26
392,341,62,30
391,336,66,32
390,334,67,28
387,329,65,29
389,325,70,28
390,324,69,25
393,321,70,25
401,314,67,28
412,313,68,31
423,312,69,27
431,309,67,26
434,305,66,28
433,305,66,26
432,301,68,26
432,302,68,26
432,301,68,26
432,300,71,25
436,299,72,26
440,297,68,28
442,298,71,24
443,296,70,25
449,292,64,28
446,296,70,23
448,293,68,25
448,293,66,25
444,294,68,26
440,293,70,26
440,293,64,25
434,292,70,28
434,293,70,24
430,293,70,25
429,292,71,28
428,293,69,28
425,293,67,27
428,294,70,25
424,292,73,28
424,292,67,25
418,291,72,28
415,289,71,28
413,293,68,26
410,293,70,28
408,295,70,23
408,293,68,26
408,293,69,27
409,289,70,29
416,293,69,27
424,292,68,29
429,293,68,29
434,297,71,27
437,297,74,27
442,297,70,28
