519,196,35,35
493,194,38,39
471,196,38,38
446,197,37,36
420,198,38,34
396,198,37,36
371,198,36,36
349,198,36,35
335,198,35,37
327,200,37,37
323,200,37,37
316,202,38,35
313,202,37,37
313,203,38,38
315,206,41,35
343,210,38,36
379,214,40,36
421,218,38,36
455,224,45,34
483,225,43,38
499,228,41,36
500,230,42,36
497,231,40,38
491,235,41,31
487,237,41,37
484,237,41,37
482,240,41,36
485,243,41,34
486,245,42,35
488,246,43,37
493,247,40,36
490,248,43,37
486,250,41,36
483,254,40,35
475,254,39,37
465,256,40,34
455,260,41,35
446,260,42,37
436,261,42,35
430,264,41,36
424,267,45,33
423,267,43,37
426,271,43,33
434,271,45,34
448,270,42,36
458,267,40,35
465,262,43,35
469,256,43,36
473,251,43,34
478,244,40,35
475,239,41,34
474,233,43,33
470,232,43,32
463,227,43,34
455,225,43,33
448,224,42,33
442,221,43,35
436,221,42,33
430,217,46,36
427,218,43,33
427,219,42,36
426,220,45,33
428,220,45,33
431,221,43,34
435,218,42,37
437,218,48,35
448,219,45,35
461,216,45,35
469,218,51,34
481,218,47,35
495,220,47,34
505,219,46,35
518,221,47,32
528,219,47,34
543,216,46,35
556,214,46,31
566,210,49,32
579,206,50,33
595,203,48,34
600,200,51,33
602,198,50,34
597,196,51,34
580,196,55,35
566,199,53,35
550,200,53,35
532,206,53,33
520,208,53,33
521,210,51,34
525,213,49,35
525,211,51,37
525,208,52,36
524,203,50,35
516,196,50,33
512,187,50,34
503,178,50,36
492,173,55,33
481,169,51,34
467,163,54,35
456,162,55,35
445,159,50,34
434,156,51,36
430,154,52,35
438,155,52,34
461,156,51,37
478,159,52,35
490,163,55,34
504,163,57,37
513,165,56,36
516,167,56,37
512,170,58,34
510,170,58,36
514,173,55,35
515,174,57,34
514,174,59,35
513,177,59,34
514,178,59,33
524,177,54,34
528,177,55,36
526,176,60,38
527,177,59,37
527,179,59,35
527,178,58,37
525,180,60,35
517,181,61,37
505,182,60,34
492,185,61,35
481,186,64,35
470,188,64,34
465,192,60,33
457,195,61,34
456,197,64,35
458,200,68,36
461,206,70,33
471,210,64,32
475,214,62,34
476,219,63,30
474,222,62,32
468,226,63,32
463,229,63,34
461,235,60,30
456,237,60,32
449,241,64,30
446,244,61,31
443,246,62,31
439,250,62,32
431,252,64,29
424,255,63,33
417,259,62,33
407,263,65,32
401,265,63,33
393,267,65,34
383,271,70,33
380,274,64,33
376,276,65,34
373,281,66,33
377,283,65,31
382,283,63,33
386,283,71,33
409,275,69,32
438,264,72,32
494,244,70,32
525,232,69,31
551,218,70,32
566,210,70,30
567,203,70,32
560,202,66,33
539,201,72,31
525,200,70,32
515,198,66,32
503,198,68,32
497,196,65,34
495,195,68,32
497,191,70,32
500,186,69,32
500,184,67,31
493,179,70,33
488,180,73,32
485,184,73,30
483,187,72,30
480,191,72,31
481,197,71,29
482,203,76,30
492,211,70,31
498,217,71,30
503,221,69,29
502,223,72,32
507,227,72,31
509,231,76,31
510,230,76,30
513,226,71,33
506,227,75,32
502,228,71,31
493,230,71,31
482,232,73,31
464,238,74,29
456,240,72,27
448,242,74,29
439,236,76,29
432,226,75,28
423,213,71,29
413,198,77,32
409,181,73,31
402,163,74,32
400,152,71,30
395,149,77,30
397,149,78,30
399,150,80,34
399,157,81,29
403,158,77,33
405,161,73,32
405,164,72,30
407,166,76,30
411,164,73,30
409,160,76,31
413,161,74,29
412,163,75,31
412,163,74,34
407,169,77,31
403,172,75,32
398,174,74,34
391,178,74,31
379,183,76,31
371,188,73,31
358,193,77,31
351,197,78,33
349,203,76,31
344,208,78,31
344,216,78,32
353,223,74,33
365,232,73,31
381,238,75,29
398,243,74,31
406,243,79,35
418,243,77,34
424,242,78,33
429,239,79,30
433,235,76,33
433,233,76,31
430,232,76,30
420,225,80,32
414,222,78,34
404,223,76,32
395,219,79,33
397,218,75,30
403,206,77,34
413,198,80,32
433,196,77,33
446,195,78,32
462,200,76,33
472,202,82,32
477,212,83,34
485,226,74,35
487,245,77,32
495,256,76,34
512,272,75,30
533,282,78,32
553,293,80,32
576,298,75,33
594,304,76,31
607,303,78,30
616,303,74,33
614,298,77,33
608,286,78,34
601,273,77,31
586,259,80,32
575,252,77,28
562,242,77,33
547,241,81,32
539,239,77,31
532,241,77,34
525,243,77,34
516,250,77,34
509,256,78,34
508,263,76,33
504,266,80,33
502,265,78,33
501,266,76,33
506,266,80,31
519,265,78,31
532,262,77,30
541,255,79,36
553,251,77,34
557,246,82,35
566,242,80,34
570,239,77,34
574,237,77,32
578,230,79,36
587,229,79,30
591,224,79,33
592,218,77,36
591,220,79,34
587,217,81,35
585,218,78,36
574,223,77,35
560,235,79,35
552,243,78,32
545,249,81,31
546,251,79,33
549,252,79,33
552,253,84,30
559,245,78,32
555,235,84,34
551,226,83,32
542,215,82,32
532,207,82,31
521,196,80,34
507,189,82,35
494,183,83,33
487,175,84,37
484,168,82,36
487,158,81,36
487,153,87,36
490,153,86,36
495,154,82,37
494,160,84,36
492,167,82,39
492,177,81,37
490,191,82,38
485,202,83,39
481,209,84,41
479,217,83,40
478,224,84,40
481,227,80,40
479,228,84,39
478,228,83,39
473,225,83,42
469,226,81,44
464,228,81,40
458,225,85,43
459,222,79,43
456,218,77,45
452,216,80,43
449,208,78,44
449,201,78,43
443,196,83,43
444,194,78,46
444,193,74,46
445,192,74,45
443,190,77,49
445,192,78,51
446,200,74,52
443,205,78,51
447,208,77,50
448,213,77,54
455,221,74,53
460,224,75,55
466,230,73,54
472,230,74,54
480,231,70,53
482,228,72,55
485,225,72,56
490,224,70,55
491,221,67,55
487,221,67,56
477,217,70,63
468,217,68,60
455,216,68,60
449,212,63,60
444,208,65,66
431,207,69,62
428,207,63,64
417,210,63,63
407,208,62,64
402,209,63,63
399,213,58,62
400,216,55,60
396,217,56,62
391,216,56,64
385,215,60,67
383,213,57,65
384,209,57,67
386,202,58,73
394,207,55,68
400,209,55,64
404,211,61,68
412,220,53,68
413,229,55,66
418,233,54,69
421,243,52,66
421,252,53,68
420,262,54,73
422,272,47,71
422,283,48,67
416,288,50,70
416,298,45,69
411,306,47,70
409,312,44,71
412,316,44,71
418,319,40,69
425,317,40,70
431,310,39,69
437,299,36,71
436,289,37,69
439,279,31,68
433,273,35,67
420,266,35,71
405,265,37,72
384,269,39,70
368,272,38,69
351,277,40,71
336,281,44,69
325,286,46,70
321,291,42,69
320,289,45,70
319,294,48,70
315,297,53,63
313,298,56,68
311,298,49,68
309,294,53,72
304,298,56,66
297,299,62,70
296,305,59,68
292,312,57,67
286,321,59,69
280,334,62,65
273,344,64,69
265,361,67,66
258,376,67,66
247,389,67,62
236,398,71,65
226,402,69,66
219,410,68,64
211,408,73,66
200,410,74,66
190,413,74,64
180,413,79,63
172,409,76,67
167,409,80,64
161,407,76,61
155,409,78,61
147,409,81,60
141,406,84,60
139,402,81,62
132,406,84,58
129,399,86,65
124,402,83,59
119,398,87,59
112,394,90,57
112,387,83,60
107,384,86,57
103,379,86,58
98,378,85,58
93,379,85,58
