156,257,19,11
163,259,20,9
164,260,20,10
161,262,19,11
157,264,19,9
153,265,17,9
152,266,20,10
154,268,20,10
155,269,19,11
154,271,20,9
165,272,18,11
180,273,16,10
200,274,18,9
220,276,20,8
228,276,19,10
228,276,18,10
229,277,19,11
231,277,18,10
222,279,17,10
203,280,18,11
183,281,19,12
162,283,16,11
141,284,16,11
119,285,17,11
99,288,19,10
78,287,19,11
58,290,19,11
37,291,21,11
21,290,19,12
11,292,19,11
10,291,21,12
23,291,20,11
53,291,22,11
92,290,20,11
132,290,19,10
169,287,19,13
209,287,15,10
246,287,18,12
272,287,19,12
277,288,21,12
276,291,19,12
283,298,20,11
288,308,18,11
290,314,18,13
287,322,19,11
282,325,21,13
277,331,19,12
270,336,22,12
263,339,21,12
253,343,21,10
245,346,20,10
237,349,20,12
229,351,19,12
221,355,21,12
215,360,23,12
213,367,19,10
209,372,21,13
211,380,20,10
223,390,20,13
246,406,21,13
272,424,20,12
295,435,19,11
310,443,20,11
320,450,22,12
325,453,22,12
326,457,21,12
323,458,22,12
315,457,22,13
302,457,21,10
288,454,21,12
273,451,21,13
260,451,20,12
247,450,21,12
231,447,22,12
218,446,22,11
209,443,22,14
199,442,19,12
194,440,22,10
193,435,20,13
191,432,20,13
186,430,24,11
183,427,21,12
179,422,19,12
172,420,20,11
164,415,21,11
156,410,23,11
154,400,21,12
157,388,19,13
167,378,20,13
183,368,23,12
199,360,20,11
214,354,20,10
221,345,20,12
228,336,19,13
229,329,22,11
231,323,22,12
230,321,22,11
234,317,22,12
236,313,22,13
237,310,22,11
236,306,20,12
232,303,19,13
225,298,21,13
218,294,23,14
210,291,20,14
203,288,18,13
194,286,21,11
192,281,21,11
190,276,20,13
186,273,19,12
182,267,20,13
179,263,20,12
179,258,22,12
177,253,19,12
172,249,21,13
170,246,18,12
166,242,21,14
159,237,20,13
152,233,22,14
144,229,21,14
139,226,19,14
131,221,20,13
125,217,18,13
117,213,20,13
112,207,20,12
122,199,21,13
145,196,18,11
173,191,18,14
213,185,20,14
257,181,20,16
294,179,21,15
320,179,22,13
334,184,20,12
345,187,17,12
350,191,19,14
352,195,20,15
353,204,19,14
352,213,19,14
351,226,18,13
348,239,20,11
345,250,19,12
339,260,20,14
336,272,18,14
331,284,19,12
328,295,18,11
328,313,18,12
329,324,19,11
334,333,18,13
336,345,20,11
342,353,17,13
347,363,20,12
356,368,17,16
363,372,20,13
372,373,17,12
379,372,17,11
382,368,17,13
383,365,20,15
383,363,20,12
382,361,18,11
377,361,21,11
372,360,19,13
367,361,20,14
361,361,21,13
358,359,20,13
356,357,20,15
356,357,18,12
360,357,17,11
364,357,18,11
369,354,20,12
371,354,21,12
373,354,18,10
370,353,19,13
363,356,21,12
353,358,20,13
340,361,19,13
327,364,18,12
314,368,16,13
299,367,17,14
283,366,17,14
268,365,17,13
246,362,16,15
230,360,19,13
217,359,18,13
201,358,19,13
188,360,19,13
177,367,19,12
170,377,19,13
167,391,18,12
163,410,18,11
166,424,17,13
167,435,18,13
166,440,15,12
160,440,17,12
149,439,18,10
138,434,18,11
122,429,18,11
109,424,18,10
98,419,16,10
91,412,18,11
90,407,18,12
93,400,17,13
97,394,19,13
104,387,20,12
126,382,19,11
160,373,15,15
201,367,19,15
246,362,18,11
279,354,20,13
303,348,21,13
321,344,19,11
332,337,17,11
336,331,17,11
339,323,20,14
340,318,19,13
340,313,18,11
337,306,17,13
332,299,19,14
326,293,18,13
323,286,18,12
326,282,17,12
337,272,13,14
344,268,19,12
353,261,17,12
358,257,17,12
360,250,17,13
358,242,18,14
359,236,19,13
354,231,17,12
348,224,19,12
341,218,20,11
338,210,17,15
334,205,18,13
334,200,14,11
331,192,17,11
330,186,18,13
332,179,18,12
333,173,19,10
336,166,18,12
332,160,19,12
320,153,19,12
305,147,20,13
290,140,19,12
274,135,21,11
259,128,19,12
243,121,18,11
229,115,19,11
225,111,16,10
225,103,16,13
230,97,17,11
244,91,16,9
262,83,20,11
284,78,17,8
298,70,16,11
311,64,17,9
321,58,18,10
319,52,18,9
313,44,19,11
305,39,21,11
298,32,20,10
293,26,21,11
296,20,19,10
302,14,19,10
303,10,19,9
296,10,20,12
289,14,20,12
281,19,21,10
273,27,17,11
259,43,18,10
248,53,19,11
239,60,14,12
228,72,15,11
218,80,15,11
208,88,18,10
199,94,18,11
194,100,16,12
189,105,17,10
185,112,14,10
176,115,18,11
174,116,18,11
168,117,17,11
159,116,19,11
152,114,17,11
143,112,18,11
136,111,16,11
124,107,18,11
120,107,19,11
119,107,17,10
116,106,17,10
111,104,17,10
106,101,17,12
99,99,20,10
96,96,19,11
92,93,19,11
90,90,19,12
88,89,17,10
85,86,19,11
80,82,18,11
76,79,19,12
76,76,15,10
72,72,16,12
70,69,16,11
70,66,16,11
76,66,16,11
88,65,15,12
101,70,16,10
119,76,16,12
154,91,15,12
183,104,15,11
214,119,15,13
238,133,14,9
253,136,16,13
260,140,16,12
266,142,17,12
271,144,18,14
278,148,16,12
284,149,16,12
289,149,18,11
294,150,18,12
301,150,16,12
307,151,16,12
312,150,14,13
312,151,17,9
313,150,17,12
314,148,16,12
313,149,15,10
314,149,14,9
314,151,15,12
311,153,15,13
309,157,14,13
308,166,15,12
307,177,14,10
307,191,13,12
305,204,14,11
303,214,15,12
300,222,15,11
297,230,13,11
295,234,14,10
290,239,14,11
280,244,16,11
275,244,15,11
269,243,16,10
262,241,15,11
257,239,15,11
255,239,13,11
255,240,14,12
257,242,14,11
257,247,15,11
258,250,15,11
258,255,12,9
256,258,14,10
257,259,12,10
253,262,12,7
251,264,13,10
248,267,15,10
245,272,15,10
242,279,15,11
238,285,16,10
234,289,14,11
231,292,15,10
232,292,16,10
234,290,15,10
234,285,15,12
227,279,15,13
226,274,12,11
222,267,12,12
215,260,12,12
206,254,15,12
198,247,16,12
191,239,15,13
181,233,16,12
175,228,13,11
165,221,15,11
158,213,14,12
152,208,14,10
147,201,14,12
145,197,12,10
146,193,13,12
145,193,11,8
148,190,10,11
146,188,15,10
147,184,14,11
147,180,12,11
145,176,14,10
146,172,12,11
146,167,13,10
146,160,14,11
147,155,16,11
152,149,13,11
151,144,17,13
154,140,15,11
156,134,14,11
170,132,15,11
180,131,13,13
197,131,13,12
214,138,15,12
231,150,15,11
248,169,15,13
271,212,14,11
283,238,15,12
289,264,14,10
288,281,13,10
284,293,13,10
280,300,14,10
276,306,14,10
269,310,16,9
265,312,14,10
257,315,13,10
248,316,15,10
240,315,14,11
225,311,15,11
217,310,13,10
208,307,12,10
198,302,13,10
190,299,12,11
184,299,14,11
177,302,13,9
171,303,13,9
164,303,15,9
156,305,14,10
151,305,12,10
146,304,15,11
142,303,14,10
135,301,13,10
129,298,15,12
121,295,14,10
117,292,15,9
111,289,15,10
108,287,13,10
116,287,11,10
137,296,11,10
157,307,13,10
170,318,14,9
181,326,14,10
190,334,12,11
195,341,14,10
202,346,14,11
207,350,14,12
213,353,15,12
222,357,12,10
228,362,14,11
231,368,14,12
233,369,14,11
238,368,13,9
242,363,14,12
244,359,14,11
244,354,15,10
244,349,11,10
241,344,13,11
242,344,11,7
247,342,12,10
254,345,11,10
258,347,12,10
259,348,13,10
261,351,12,9
261,352,11,9
257,349,14,11
256,350,12,8
254,346,12,9
254,343,9,8
254,336,9,10
