108,219,66,28
136,220.5,58,27
152.5,226.5,65,27
178.5,231.5,65,27
204.5,235.5,65,29
222.5,241.5,73,27
251.5,242.5,63,27
274.5,240,65,30
299,239,64,28
321,234.5,66,27
359,224.5,62,27
382.5,217,65,28
406.5,207.5,65,27
425,202.5,64,27
428.5,195,63,26
418,186,66,30
397,182.5,62,25
371.5,175.5,67,29
345,171,66,30
326.5,166.5,65,33
321.5,170.5,63,27
328,180,62,28
330,188.5,62,27
327.5,192,65,30
335.5,190.5,61,31
345.5,188.5,61,31
359.5,188.5,59,27
370.5,185,61,26
385,174.5,64,31
397.5,169.5,63,27
410,160,62,28
420.5,150.5,63,29
431,147,60,26
439,140,64,28
448.5,134,65,30
455,132,66,28
456.5,135,65,26
455.5,136,65,28
451.5,134,63,30
458,131.5,64,29
467,129,60,28
470,123,62,28
471,117,64,26
472,108.5,66,27
478,101.5,62,25
476,91.5,64,29
475.5,84.5,63,27
473.5,73.5,65,31
476,67.5,62,27
480,61,66,28
482.5,59,63,30
476.5,66.5,63,29
470.5,85,63,26
464,107.5,64,29
455,127.5,64,29
444.5,143.5,63,27
437,153,64,28
433,154.5,62,29
430,159,66,28
430.5,160,63,28
432.5,163.5,65,25
435.5,164,61,26
436.5,165,63,28
442.5,165,63,28
446.5,169,63,26
451,168,62,28
452,166.5,62,29
451,167,62,26
450,165,60,26
446,165,64,24
446.5,163,63,28
446.5,168.5,65,25
446,166,66,28
448.5,165,61,28
448.5,163.5,65,27
459,161.5,64,29
469,162,64,28
476,159,66,30
485,160,58,24
491,157,60,26
501.5,157,61,26
513,157,64,26
515.5,155.5,63,27
506.5,151,61,28
483,143.5,60,25
452,131,62,28
427,124,64,28
409,119.5,62,27
408,118.5,62,25
420,126,60,28
436,152,60,26
449,190,62,28
450,206,66,28
454,220,64,28
451.5,233,63,26
448.5,239,59,28
440,245,60,30
434,251,60,28
424.5,253.5,59,31
408,258.5,62,29
391.5,260,63,28
378.5,259.5,61,29
364,261.5,60,27
349,260.5,60,29
337.5,259.5,59,27
328,259.5,56,27
330,258,56,30
335.5,260.5,57,27
336,261.5,60,27
332.5,259,61,28
332.5,255.5,57,27
332.5,251.5,61,27
340.5,245,61,30
350,240,62,28
357,232.5,60,31
362.5,225.5,59,33
365.5,219.5,57,31
365.5,206.5,57,33
359,200.5,58,33
356.5,194.5,59,31
357,187.5,54,31
348,176,58,34
345,169,60,34
340.5,164.5,59,29
333,157.5,62,35
326.5,153,61,36
319,146,62,38
326,141.5,56,35
331,138.5,60,37
336,139,60,36
344,139.5,58,35
350,143.5,60,37
356.5,152,59,34
357,155,58,38
354.5,158,55,38
344,157,60,40
343,160.5,52,37
338.5,163.5,53,37
332.5,166,53,38
327.5,168,51,38
320.5,169.5,51,37
316,172,50,36
312,168,50,40
305.5,168,51,38
305,166.5,48,39
306.5,165.5,47,37
316,165,48,36
335,162,46,38
348,163.5,44,39
337.5,175,47,40
311,193.5,42,39
275,216.5,42,39
239,238.5,44,39
189,269,40,40
172.5,274,39,38
190.5,272.5,41,37
221.5,267,43,42
258,261.5,40,41
292.5,260.5,37,39
310,257,38,38
322,254,38,36
320,243.5,42,41
309.5,239,35,38
290.5,232,41,38
275.5,225,39,38
260,222,34,36
243.5,214,35,38
233.5,209,35,38
231.5,202.5,33,37
232.5,198.5,31,35
236,191,34,38
249,187.5,30,35
256.5,182.5,33,35
268.5,180,35,36
295,171.5,34,37
318.5,167.5,35,37
325.5,164,33,36
329,159.5,32,37
333,156.5,32,37
332,154,34,36
328.5,150,33,36
326.5,141,31,40
328,140.5,32,35
331.5,136,33,38
332,132,32,38
326.5,127.5,31,37
325,123.5,32,37
322.5,122,31,36
317.5,118.5,31,33
318.5,114,31,34
325.5,108.5,31,37
331.5,106,29,36
335.5,102,29,38
336,98.5,32,37
339.5,94,29,40
347.5,93,27,36
352,89.5,28,35
359,86,30,36
367,80,32,38
372,78,32,38
381.5,75,31,36
390,75,30,36
397.5,73.5,33,37
406.5,78.5,29,35
411,80.5,30,35
410.5,80,29,38
408,83,30,36
401.5,82.5,31,37
393.5,87,31,36
386,87,36,36
383,86,30,38
378,85.5,30,39
374.5,85.5,31,39
373,90,30,36
366,88,38,38
366,93,30,34
361.5,92.5,31,37
362.5,96,29,34
362.5,94,33,40
372.5,94.5,33,41
384.5,101.5,31,35
394.5,104.5,33,37
406,112.5,28,35
411.5,113.5,27,37
416,116.5,26,37
415,120.5,30,37
414.5,126,29,36
411,129.5,28,41
402.5,141.5,29,37
394.5,150,29,36
388.5,156,31,36
382.5,160.5,29,41
378,169,30,38
372,175.5,28,37
364.5,181,31,38
360.5,181.5,33,41
358.5,185,33,40
362,188,30,40
362,193,30,34
377,195,32,36
398.5,198,29,38
413.5,201,31,38
423,203,26,36
428,203,28,40
429.5,204.5,25,37
424.5,203,27,36
422,200.5,28,37
414,203,28,40
392,211.5,26,35
364,218.5,28,39
325.5,233,29,40
301,242,28,36
279.5,245.5,25,39
259.5,248.5,29,39
256,254,26,38
256.5,257.5,29,39
272,263,26,38
282,266,28,36
293.5,267.5,29,35
311.5,268.5,27,37
334,267,26,38
362,264,28,38
395.5,259.5,27,39
430,259,28,36
462.5,255,29,38
492,251.5,30,37
517,250.5,30,35
536.5,245.5,29,35
549,243.5,26,35
547.5,237,29,40
542.5,235,27,38
532,233,28,36
523.5,229.5,23,33
517,224.5,24,37
510,219,28,40
507.5,215,31,38
512,213.5,26,39
511,212,24,34
504,205.5,26,37
498.5,199,23,42
491,198,30,36
487.5,192.5,25,37
486,190,24,36
483,186.5,24,35
477,180.5,28,37
466.5,174.5,31,39
461.5,172.5,25,37
459,168,24,38
457,164,24,36
454.5,158,27,40
459,156,24,36
468,150,28,36
480.5,146.5,31,35
497.5,139,25,38
508,135.5,24,37
509.5,130,33,38
513,123.5,30,39
516,117.5,24,39
508.5,111.5,27,39
505,108,24,38
489.5,103.5,27,35
478,99,26,36
461.5,91.5,25,37
451,87.5,24,37
442,79.5,24,37
433,75.5,26,37
428.5,76.5,23,35
424.5,79,25,36
418,84,26,36
412,83.5,24,35
413.5,84,19,36
417,80,28,38
428,83,28,34
442.5,85,29,38
464.5,86.5,31,39
495,93.5,32,35
517.5,98.5,27,37
530.5,104.5,25,37
535,112,26,38
535,117,22,34
533,117,24,38
532.5,119.5,27,37
537.5,122,25,38
542,125.5,28,39
543.5,127.5,27,39
542.5,127.5,25,41
543,130,24,38
533.5,130.5,27,39
520.5,135.5,23,37
508,131.5,28,41
505,133,24,42
492.5,137,27,40
483.5,137.5,27,37
479.5,143,23,36
471.5,145,27,38
466,146,24,40
460.5,146.5,25,39
453,149,24,38
440.5,147.5,27,39
440,151.5,28,37
441,153.5,26,39
441,154.5,24,37
438.5,157,25,36
432,154.5,32,39
430.5,154,29,40
429,156.5,26,37
428,155,22,36
423.5,156,27,36
425,154.5,24,37
426,157.5,30,35
436.5,157.5,25,35
441,158.5,26,37
445.5,161.5,29,37
451.5,161.5,25,37
454,164.5,28,35
458.5,168.5,23,35
459,171,22,36
457,172.5,24,37
454.5,175,27,40
452.5,176.5,27,39
454,180.5,28,39
454.5,184.5,27,35
453,186,26,40
447.5,187.5,25,39
441,189.5,26,39
433.5,191.5,29,37
428,191.5,28,37
420,195,30,36
413.5,191.5,27,39
405.5,193.5,29,39
405.5,198,25,38
402,203.5,30,37
396.5,209,31,38
398.5,216.5,27,35
399,223,30,36
401.5,229,27,38
403,236.5,26,37
400.5,244.5,29,37
402,250.5,28,39
403.5,256.5,27,39
408,259.5,28,39
419,261.5,28,37
433.5,261.5,29,37
449.5,262,27,38
463,263,28,36
475,261.5,26,37
480.5,261,31,38
489,262,26,36
495,260.5,26,37
494,260.5,30,39
496,260.5,28,39
495,259,28,40
494,261.5,26,37
490,259,30,40
488,259,30,38
489,258.5,26,39
486.5,261,27,36
487,262,28,36
489,261,28,36
492,261,28,38
495,260,26,38
498,261.5,28,35
502,259.5,28,39
506.5,261,27,38
509.5,255.5,27,41
512.5,258,27,38
512,256.5,32,37
519,256,24,38
517.5,252.5,29,41
520,253,30,36
523,250,26,36
526.5,246,25,40
524.5,248,29,34
526.5,242.5,27,39
529.5,245,27,38
532.5,246,29,38
540,246,26,40
542,249.5,26,37
542,251,28,36
543.5,251.5,27,35
540.5,250.5,29,39
542.5,251.5,23,37
537.5,250.5,29,41
535.5,255,31,40
534,261,28,36
525.5,264.5,29,35
519,266,30,40
512.5,269,27,38
504,269,30,40
496,270,28,40
483,274,32,36
477.5,272.5,29,39
470.5,273.5,29,39
462.5,274.5,29,37
457,272.5,28,41
445.5,274,31,40
439.5,275,27,38
431,276.5,30,37
422,276.5,34,39
422,276.5,26,39
414.5,280,33,40
413.5,285.5,31,35
411.5,286.5,29,39
406.5,294,27,38
400.5,297,31,38
395.5,298.5,31,37
385,295.5,32,41
380,299.5,32,37
374,300.5,30,39
367.5,309,27,30
360.5,307,31,38
356,314,30,32
347,319,30,34
342,317.5,36,41
349,324.5,28,31
352,326,34,32
363.5,326,33,30
376.5,322,35,36
394,318,32,38
407.5,318,33,32
420.5,311.5,33,39
434,311,28,38
434.5,307.5,33,39
439.5,305,35,40
440,302.5,30,39
436,301,32,42
430,303,32,40
429.5,299.5,29,43
423.5,304.5,31,35
414.5,300,37,40
418,300.5,28,37
409.5,298,33,44
404.5,299.5,33,37
400.5,301,31,38
394,298,34,40
382.5,297,33,38
374.5,294.5,35,39
369,292,36,40
364,289.5,34,39
361.5,289,33,40
346.5,281.5,51,47
350.5,287,39,40
352,288,32,36
342.5,282.5,37,43
342.5,278,37,50
340.5,277,37,48
346.5,279,29,36
342.5,278.5,35,39
349.5,276,35,42
354,271.5,38,43
365.5,269.5,35,47
369.5,265,29,52
365.5,268,39,46
371.5,266,29,48
365.5,266,37,46
371.5,272.5,37,39
378,273.5,28,37
375.5,274,33,38
375.5,272,35,44
378,277,34,36
374.5,277,37,40
378,275,32,40
377,268.5,32,53
377.5,276.5,27,39
372,281,32,36
365.5,283.5,27,35
353,286,24,38
335.5,287,27,36
322.5,287,27,34
308,284,28,40
294.5,282,25,42
280,292,28,38
278.5,299,31,36
278.5,297.5,33,37
286.5,296.5,31,35
299,292.5,34,37
310.5,291,33,38
322.5,286,29,42
331.5,281.5,35,39
355,278,32,38
372.5,272.5,35,39
393,272.5,32,37
405,266.5,30,37
409.5,264.5,33,35
416.5,258.5,33,37
413,255,36,36
409,252.5,40,35
401.5,247.5,39,35
394.5,244.5,45,37
385.5,241,39,36
382,236.5,44,39
378.5,235.5,45,37
374.5,232,47,34
369,225,46,40
364.5,228,49,38
359.5,228,49,38
353.5,227,49,38
344.5,226,47,38
327.5,229,53,34
309.5,226,53,36
295,225.5,54,35
284,224.5,50,35
284.5,222.5,49,37
294,222,50,36
309.5,217.5,51,37
326,215,50,40
328.5,215.5,53,37
325.5,210.5,49,41
317,214,50,34
294.5,209.5,55,39
276.5,211.5,51,37
249.5,213.5,49,33
233,212,58,36
232.5,209,59,38
247.5,210.5,53,35
257,210.5,58,31
267.5,212,57,34
271,209,56,32
271.5,208.5,69,31
289,200.5,60,37
295,206,52,28
295.5,200.5,51,31
287,200,48,30
280,195,52,36
271.5,195,55,36
269.5,194,43,34
261,192.5,48,31
254.5,191,49,30
254,188,46,34
261,187,46,36
274.5,186.5,47,33
280.5,184,55,34
294,183.5,48,33
297.5,180.5,49,37
302,180,54,36
306.5,175.5,53,41
309,176.5,54,35
315,172,50,38
316.5,170,47,40
308.5,171.5,53,33
308,168,52,40
307.5,167.5,55,37
311,164,52,40
311,166,54,34
313.5,164,53,38
310.5,162.5,57,37
309,160.5,58,37
307.5,164,55,32
308.5,160,53,36
307.5,160,53,38
310,160,50,38
310,163,50,36
306,165,52,38
294,167.5,50,35
288.5,176,43,32
276.5,176.5,47,39
272,187,48,34
265,192,50,34
264.5,200.5,51,35
264.5,210,51,40
266,221.5,56,41
275.5,231.5,49,39
280,239.5,56,37
292.5,249,53,36
301,251,64,40
337,255.5,50,33
374,261,58,30
412.5,253.5,59,37
452,252.5,56,37
495,254,50,34
494.5,254,49,34
495.5,249.5,67,41
488,250,40,36
460,249.5,42,35
430.5,248.5,49,39
412.5,251,49,36
403,251.5,48,35
399.5,259,49,36
409,263.5,50,33
423.5,269.5,45,29
426.5,273,57,36
446.5,280.5,51,33
457,288.5,50,35
462,296.5,50,33
461.5,294.5,47,37
458,303,50,34
457,300,52,38
457,305,50,38
448.5,306,49,38
444,312,48,34
438.5,309.5,47,37
434,316,46,30
431,315,44,34
428.5,316.5,43,33
428.5,316.5,43,35
427,320,46,38
428.5,322.5,47,39
432,325,40,40
430.5,331.5,39,35
424.5,332,39,34
416.5,326.5,31,39
398.5,324.5,39,43
389,328.5,36,39
375.5,329.5,41,41
370.5,330.5,33,39
359,332.5,38,37
353,333,38,36
350,331.5,36,43
350.5,333.5,41,43
356,340.5,38,37
362.5,341.5,33,41
357.5,340.5,43,43
360,342.5,42,41
365,346,32,38
360.5,342.5,37,45
367,347,38,40
377.5,345.5,45,43
413,356.5,34,39
422.5,357.5,35,43
429.5,366.5,43,35
442.5,363,35,40
449,368,36,38
452,365.5,40,43
453.5,368.5,35,37
447.5,367.5,35,35
445,367,36,36
437.5,365.5,41,35
434.5,362,35,40
430,361,34,38
419.5,359.5,39,41
419.5,359,37,36
413.5,355.5,41,37
418,354.5,36,37
415,352,40,40
408.5,351.5,37,37
398.5,352,37,36
387,351.5,36,35
378.5,350,33,36
367.5,347.5,39,39
364.5,352,31,34
354.5,350.5,37,35
353.5,351,35,38
345.5,349.5,39,37
343.5,351,37,38
341.5,353,35,38
340.5,355,33,36
338.5,356.5,37,35
340.5,355,41,36
351,357,38,34
356.5,354,39,36
357,353,46,34
368.5,348.5,39,37
371.5,348,39,40
379,345.5,36,37
381,344.5,38,37
383.5,343.5,37,37
379,341.5,40,37
379.5,339,41,38
382.5,341.5,39,37
385.5,345,37,36
389.5,346,35,36
385.5,345.5,39,37
386.5,348,37,38
386,350,36,36
387,352,30,38
382,354,36,40
372,356,38,38
370.5,361.5,31,35
360.5,360.5,37,39
362,364,30,38
356,366,36,38
356.5,366.5,35,39
356,368.5,36,35
350.5,366.5,39,41
353,371,30,36
345,373,36,36
347,375.5,36,35
342.5,370.5,39,45
341,378,38,36
342.5,377,29,44
336,382,36,40
337,382,34,42
336.5,386,35,38
336.5,385,29,44
332.5,386.5,37,41
339,386.5,36,39
347.5,390,33,30
351.5,382,37,44
367.5,384,29,38
370.5,379,41,44
384.5,376,39,44
400,374,30,46
397.5,375,39,42
402.5,372.5,39,41
410,366.5,40,45
425,367.5,32,37
422.5,363,41,42
436.5,359,35,44
445,358,34,42
450,355,32,42
450,351.5,38,43
449.5,350.5,33,37
440,345.5,30,39
430.5,342.5,27,45
415,344,32,40
409.5,340.5,31,43
397.5,337.5,35,41
397,335,30,42
394,332.5,36,39
398,330,34,42
402.5,326.5,35,45
407,325.5,32,43
406.5,326,35,42
409,323,32,42
407.5,322.5,35,41
412,327,29,31
412.5,318.5,29,45
407,321,32,42
407,317,30,48
400.5,320,35,42
404.5,317,31,40
406.5,311.5,33,43
411,316,32,40
410.5,316.5,31,39
410,312.5,34,45
411.5,314.5,29,39
409.5,314,29,40
402.5,310.5,31,39
401,313,28,38
393.5,311.5,31,39
389,307.5,32,43
387.5,311,29,40
382.5,311.5,29,37
379,309,28,46
373.5,315,27,32
361.5,310,33,40
355,311.5,36,39
347,308,36,42
345,306.5,34,43
337.5,314,33,44
338.5,316,31,40
336.5,318,33,42
341,323,34,40
348.5,327,33,38
353,331.5,32,41
349,336.5,38,39
347,341.5,34,39
344,343.5,34,41
341.5,347.5,33,39
339.5,352,33,38
336.5,355,35,34
342,353.5,30,39
350.5,353.5,27,39
353.5,353.5,31,39
361,356,32,38
365.5,353.5,35,39
378.5,353,29,36
376.5,353,41,40
386.5,350.5,35,47
392.5,350,33,46
392.5,356.5,41,37
396.5,352.5,33,45
389.5,355,45,46
399,359,36,38
398.5,358,37,44
403,360,30,46
398.5,358.5,29,43
388.5,358.5,37,47
389.5,362,29,40
385.5,360.5,29,43
378,363.5,36,39
374,357.5,38,45
378.5,356.5,33,49
380.5,357.5,35,45
381.5,362.5,37,39
384.5,359,37,44
390.5,361.5,33,43
392,362,36,44
387.5,359,41,48
392,359,36,50
388,356,36,50
392,360.5,36,45
392.5,364,35,38
391.5,362,31,40
383.5,362.5,41,39
389.5,359.5,27,41
383.5,362,35,38
383,363.5,32,39
381,362,32,40
380.5,361,35,44
379.5,359.5,35,45
379,361,38,46
376.5,364.5,39,43
380,358,34,52
385,363.5,38,47
388,363,38,48
398,367.5,32,43
396,370,38,44
401,366.5,34,47
401.5,366,33,50
405,369,36,48
406.5,369,35,44
409,370.5,38,41
418,369,32,48
421,368.5,32,45
426.5,371.5,33,43
427.5,375,35,42
433.5,378,33,38
442,373.5,32,45
447.5,372.5,29,45
450.5,374.5,33,45
454,381.5,32,37
463.5,381,27,40
464,383,36,38
470,385,36,42
476,383.5,38,41
482.5,382.5,37,43
487,386,32,40
493,381,28,48
489.5,381,35,52
481,379.5,36,55
466.5,388.5,33,39
443.5,386.5,31,47
418,387.5,30,43
403,384,26,52
391,384,32,48
390.5,392,29,40
391.5,396,33,34
396,390,38,40
423,382.5,24,37
440,379,34,36
495,371.5,30,39
524.5,366,31,42
562.5,360.5,21,39
576,354,30,40
574.5,352.5,31,39
561,353,30,38
543.5,352,29,42
525.5,354.5,35,37
517,351.5,28,35
500.5,346.5,33,41
501.5,344,33,32
505,333,24,38
504,317.5,30,43
504.5,307,37,44
510.5,295.5,33,39
516.5,289,27,34
506.5,278,35,30
509.5,267.5,31,41
507,257,36,44
509.5,248,37,44
513,246.5,32,41
514,251.5,32,35
514,248.5,34,37
507.5,247,39,40
511.5,252,35,38
517.5,241.5,31,49
516,246.5,34,41
519.5,248.5,33,43
520,248.5,34,41
519.5,249.5,37,39
523,249,30,48
513,254,38,42
511,259,40,38
504,261,40,40
496.5,261,37,46
493.5,265.5,31,39
484.5,266,35,42
481,267.5,34,39
476.5,270,37,42
480.5,270,35,44
480.5,274.5,35,39
492.5,271,29,44
499.5,278,31,36
507.5,275.5,31,41
512.5,274.5,29,41
515,275.5,28,47
510.5,277.5,35,43
514,279,36,42
513.5,281,31,42
509.5,282.5,31,41
504.5,283.5,35,41
502,283,34,40
499.5,287,31,40
491,291,34,38
483,291,40,42
479,292,38,42
470,293,42,42
475.5,297,31,38
473,297.5,34,39
471.5,295.5,35,41
469.5,297,31,38
459,299,40,38
458,300,34,44
454.5,303.5,33,39
460,305,28,38
460,306.5,34,43
460.5,308,29,40
460.5,307,33,42
466,307.5,34,41
481.5,300.5,33,43
494,293.5,36,45
500.5,289.5,31,37
504,280.5,28,41
494.5,278,39,38
502.5,263,33,48
500.5,264,33,40
496.5,256,25,38
478,245,40,48
480,247.5,32,35
471,238.5,34,37
465,234,32,40
463,223.5,30,49
450,220,38,42
445,217,38,40
436.5,213,39,42
432,211,36,42
423.5,212,39,42
418,214.5,38,41
416,215,34,44
410,221,36,40
399,224,38,40
396,226,28,38
377,223.5,42,45
368,229,38,42
356,232,42,46
349.5,234,43,44
357.5,241.5,37,35
368.5,243,45,44
384.5,248.5,45,41
403,249.5,40,39
417,251,38,44
435,249.5,34,41
443.5,251.5,33,41
445.5,251.5,41,41
451.5,250.5,39,45
459,255,34,36
455.5,250.5,39,43
455.5,251,37,42
456.5,251,35,42
456,250.5,32,41
441.5,254,45,38
443.5,244,37,46
439,244,44,42
441.5,246,37,38
429.5,241.5,43,39
423.5,242.5,47,41
422.5,241,35,44
413,240,38,42
404.5,238,41,46
402.5,236,35,44
396,239,36,40
396.5,239.5,37,43
402.5,241,39,38
422,236.5,40,45
439.5,240,35,42
454,242,38,42
462.5,242.5,41,45
469.5,242.5,39,47
478,246,36,44
477.5,248,39,40
480,246,40,46
479,253,36,40
472,257,40,40
461.5,261,41,38
456.5,260.5,41,43
446,267.5,46,37
442,269,42,40
438.5,271,43,42
444,271,38,42
445,273,44,44
456,281.5,36,33
456,283,38,38
458.5,287,35,36
459.5,291.5,37,33
456.5,298.5,39,35
453,301.5,40,39
444.5,307,49,36
447,312.5,40,39
443,318,44,40
445,326,38,34
446.5,327,33,42
438,334.5,46,39
441.5,335.5,41,41
439.5,332.5,43,45
440,331.5,46,43
449,324.5,36,51
446.5,324,45,46
445,325.5,48,43
452.5,323.5,39,43
455.5,326.5,39,41
457,323,36,42
452,327,42,40
455.5,321.5,41,45
451.5,327.5,41,37
452.5,323.5,41,41
451,322,42,42
458,320,40,42
475.5,309,35,48
492,301,40,48
514.5,299.5,41,39
534,289.5,42,43
552,283.5,32,39
557.5,276,43,44
562,275,40,40
561.5,269.5,41,43
561.5,269,35,38
561.5,269,35,38
543.5,262.5,35,43
536.5,265.5,35,35
526,260.5,38,41
518.5,260,39,40
509,257.5,34,39
493.5,262,41,38
494,260,32,42
484.5,256.5,41,47
490.5,260,37,38
490,259.5,42,39
486,256.5,44,41
492,260.5,38,39
487.5,261,41,40
489.5,264,41,42
492.5,267,41,40
493.5,266.5,39,39
499.5,267.5,37,43
502.5,270.5,39,43
510.5,271,39,42
513,268.5,38,43
519.5,271.5,37,43
524,267,38,50
529.5,265,37,46
529,275,42,34
532.5,268,37,44
530,271,42,46
528,275.5,36,39
519.5,279,41,42
515,280.5,38,45
509.5,280.5,37,45
505,286.5,36,43
495.5,290,39,42
490.5,291.5,39,41
487.5,288,41,46
485.5,290,41,42
481,287.5,44,43
480,287,38,42
471.5,287.5,39,43
470,288.5,32,43
461,287,38,42
456,284.5,36,43
449,285,38,44
440,284,42,40
432.5,281,45,42
432.5,280,41,40
430,275.5,42,45
431,278,42,44
439.5,279.5,41,45
463.5,288.5,39,39
497,297,40,40
521.5,305,39,40
526.5,312,41,42
530,325,40,38
527.5,330,37,42
516,341,40,38
500,345.5,38,43
479.5,354,37,42
454.5,358.5,41,43
425.5,367,41,38
400,375.5,44,41
366.5,380.5,47,41
334,387,44,42
300.5,396,45,46
272,406,42,42
244,412,44,46
218,421.5,44,45
203,430,42,38
187.5,429.5,41,41
168,430.5,48,43
158,424,50,50
150,430,46,42
139.5,432,57,44
165,437,46,42
186,446,46,30
198.5,444,49,38
208.5,445.5,49,39
200,446,58,36
201.5,443.5,49,47
194.5,439,51,50
188,436.5,54,33
182,417.5,58,49
190.5,405.5,51,49
200,398,50,44
210,386,48,44
211.5,375.5,45,41
206,362.5,48,45
201.5,354.5,49,45
206,352,46,44
214.5,347.5,47,45
234,341,44,48
242.5,342.5,49,47
251,334,52,46
263.5,334,45,42
267.5,329,49,42
272,323.5,50,41
276,320,46,46
274.5,318.5,45,39
282,308.5,46,43
286.5,304,49,42
292.5,297,45,40
294,286.5,45,43
302.5,277.5,47,45
306,268,42,48
298.5,267.5,49,41
303.5,264,45,40
307,259,44,40
302.5,250.5,49,45
297.5,250.5,53,43
301.5,252.5,49,43
319,228.5,48,51
329,228.5,48,51
336,229,48,42
347,225.5,46,43
355,220,54,46
365,212.5,44,49
371,206,48,44
375,203.5,52,45
375.5,203.5,49,43
371,199.5,52,45
377.5,199.5,49,41
380,192.5,48,43
368.5,172.5,71,51
405.5,169.5,35,33
411,145,52,44
424.5,121.5,51,47
445,95.5,52,49
459,86,48,38
465.5,62,51,42
464.5,54,49,46
462,43,54,46
461,43,52,46
456.5,36.5,51,49
456.5,45,43,38
446,42.5,46,43
435,42,44,52
412.5,50,51,50
396.5,56.5,49,49
386.5,56.5,43,51
364,64.5,50,49
356,68.5,44,51
350.5,75,53,46
359,79.5,50,45
376.5,82.5,51,57
384.5,92.5,49,47
400,91.5,46,57
410,95.5,50,59
426.5,105.5,33,45
420.5,93.5,45,59
419.5,104,41,50
412,102,48,56
415.5,112.5,39,49
410,115.5,48,49
405.5,113,47,54
401,117.5,44,47
390,122.5,42,45
378,125,46,48
370.5,123.5,47,53
367,123.5,46,53
363,125,48,50
366.5,128,39,48
356,131.5,48,49
348,132,50,48
346.5,137,47,46
352,135.5,42,45
345.5,138.5,51,47
343,140,46,48
337,143.5,50,43
332.5,144.5,49,43
332,153.5,52,35
332,146.5,52,47
337,155.5,48,39
331.5,155,57,44
344,159.5,48,45
343,159,48,44
342.5,155.5,51,47
350,153.5,48,51
347.5,159,51,42
348,157.5,50,45
354,152.5,50,45
353.5,151.5,53,51
359,155.5,50,43
358,157,52,44
356.5,150,51,52
348.5,155.5,43,43
347,151.5,42,49
332.5,150.5,55,51
337.5,145,57,50
342,146,52,48
342.5,142,49,42
341,143,46,44
330,140,44,54
323,144.5,46,49
319.5,141,51,50
316.5,139.5,49,47
317,137.5,46,45
312,134.5,50,47
304.5,134.5,51,45
302.5,133.5,45,49
295.5,138,41,46
284.5,143.5,43,41
281,142.5,48,45
286.5,139.5,49,43
301.5,139.5,37,35
293.5,138,49,42
291.5,136,45,44
290,139.5,44,43
289,141.5,38,41
281.5,140,41,46
276.5,141.5,43,47
267.5,144,45,42
264,143.5,42,45
261,144.5,40,47
255,149.5,38,39
251,145.5,40,49
234.5,149.5,55,41
239.5,149.5,41,41
235,150,52,42
240.5,139,53,38
242.5,129,43,46
238,121,52,36
231,113.5,54,39
228.5,104,55,38
229.5,96.5,51,39
228,89,46,44
224.5,84.5,47,35
210.5,76.5,47,31
193.5,59.5,47,49
174.5,55.5,49,39
162.5,48,37,36
127.5,38.5,45,43
96,25,46,46
70.5,21.5,45,43
62,16,40,38
56.5,12.5,41,45
64.5,14.5,37,41
78,18.5,44,47
99,21,54,38
145.5,22,49,50
172,25.5,50,49
199.5,31,49,48
224.5,35,47,46
253.5,38,45,44
266.5,40.5,45,47
263,50.5,50,45
257.5,63.5,47,53
243.5,82,45,48
225.5,97.5,47,45
207,111.5,42,47
174,120,56,50
155,144.5,36,45
142.5,154,43,44
143,156,48,48
149.5,159,53,48
162.5,166,49,50
168,170.5,48,47
167.5,175.5,47,43
159.5,135.5,43,53
137.5,147.5,55,45
136.5,155,53,44
147,160,48,48
155.5,160,53,52
165,167,54,46
168,173.5,48,49
168,179,50,48
167.5,182.5,49,47
171.5,185.5,47,43
183.5,190.5,45,45
198.5,189.5,53,49
226.5,197.5,49,49
253,203,42,46
269,206.5,46,49
279.5,210.5,45,51
281.5,215,47,52
282,226,54,44
280.5,222,49,46
268,227,54,50
265,230.5,54,41
260.5,231.5,55,53
252.5,231,55,54
256.5,241,47,44
255,243,46,48
252,250,48,40
248,253,52,46
241.5,263,49,38
240.5,256,53,54
240,262,48,42
239,262.5,54,49
248,266,52,50
260,272,48,44
265,270.5,58,47
295,271,52,50
323,274,42,48
334.5,277.5,49,47
338.5,284,49,44
336.5,283,47,42
331,286.5,44,45
327,290.5,46,41
323,294,42,40
311.5,285.5,49,47
311.5,297,43,42
303.5,298,45,42
300,299.5,44,41
288.5,301,45,44
283.5,306,45,38
280,305.5,44,39
275.5,308,45,38
277.5,309,39,40
272.5,310,47,42
272,312,50,40
277.5,313,49,40
282.5,310.5,45,43
270,316,56,38
275,316.5,48,41
276,312.5,42,47
273,317.5,42,49
263.5,321.5,49,41
263.5,321,43,40
257,317.5,48,45
258.5,322,47,44
257,325,48,40
252.5,322.5,51,43
252.5,322,47,44
250.5,319,51,50
258,323.5,46,51
263.5,322,49,50
280,330.5,58,39
304,326,52,52
309,324,56,46
317.5,330.5,55,39
328,325.5,40,47
316,328.5,48,43
309,329.5,40,39
292,324.5,52,47
288.5,329,47,44
278,333,48,36
274.5,331,41,42
264,328,48,44
260.5,328,43,44
257,330.5,42,41
246,330.5,50,39
248.5,329.5,45,41
245,327,50,44
257.5,331,41,40
260,329,46,42
268.5,329.5,43,41
273,331,48,40
276,330,52,40
281.5,328.5,49,43
282,330.5,50,43
282.5,329,49,46
278,329,52,44
281,326.5,48,45
278.5,330,49,42
276,327,48,42
271,328,48,42
262,331,52,38
258.5,328.5,49,45
255,331,50,40
252,330,54,42
258.5,329,51,42
263,328.5,48,41
267,329.5,50,45
271,324.5,52,47
274,324,58,48
286,327.5,54,45
293.5,323,59,46
304.5,323.5,51,43
306.5,325,49,46
302.5,323.5,53,43
280,324,52,44
250.5,322,57,40
220.5,320,53,46
191,320,52,40
166.5,317,49,46
155,315.5,56,43
164,317,56,40
179.5,315.5,51,41
195,316,50,44
203.5,315,55,42
214.5,314,51,44
220,313,52,46
228,313.5,50,43
233,313,54,40
238,313.5,58,39
250,308.5,52,45
254.5,310.5,49,37
257.5,308.5,53,39
255,306,58,42
250.5,305.5,57,43
249.5,303,53,44
247.5,302.5,53,47
238.5,299.5,63,45
239,301,56,40
237.5,299,55,44
240,303,54,36
244,299.5,52,37
243,299,52,46
246,295,48,44
238,295,56,42
235.5,292.5,53,45
228.5,293,57,46
227,291,54,44
222,292.5,54,37
217,294,53,35
212,289.5,52,39
205.5,288.5,53,39
200.5,286.5,51,39
192.5,283.5,53,43
191,282.5,52,45
194,281.5,52,45
200.5,282.5,55,43
217,285,52,40
234.5,283.5,49,37
241,280,56,42
256,281.5,50,41
263,281,54,40
268.5,281.5,53,39
272,283.5,54,35
273.5,280,57,42
277.5,280,55,40
279,277.5,58,41
289,281,56,38
300,280.5,58,37
314,282.5,58,37
328.5,282.5,57,35
326,282.5,58,39
317,285,56,40
288,290,60,40
264.5,296.5,51,41
234,302,54,44
203,302,58,48
180,303,58,46
169.5,308,47,34
161.5,301,61,44
165,301,62,36
168.5,297.5,59,43
169.5,299.5,57,37
160.5,301,59,40
155,297.5,56,41
145.5,295,57,40
136.5,298,55,38
125,296,54,44
116.5,298,53,34
109,293,54,40
107.5,292.5,59,41
117,292.5,56,39
132.5,293,59,44
166.5,298,61,38
195.5,299.5,67,35
225.5,296.5,59,41
241.5,295.5,57,47
252,298.5,56,37
251,301,58,38
244.5,300,59,38
232.5,305,63,34
221.5,299,59,40
209,301.5,58,39
199,300,58,36
189,292.5,56,39
183,292.5,58,37
189,292.5,52,35
192.5,290,55,34
195.5,287,57,40
197.5,283.5,51,41
186,281.5,62,39
185,282.5,58,35
180.5,278,57,38
174.5,277.5,59,35
169.5,273.5,63,35
170.5,265.5,59,39
177,262.5,56,39
186,260.5,60,37
197,254.5,56,37
202,253,56,36
204,247,52,42
197.5,243,53,38
188.5,240.5,59,39
186.5,235.5,53,41
186,234.5,56,39
188.5,230.5,55,39
194,229.5,54,37
201,230,54,36
214.5,224.5,51,41
219.5,224,55,42
226,225,56,40
230,226,54,38
232.5,225,53,40
230.5,225.5,53,37
217.5,222,57,36
203,219,56,36
176.5,219,53,36
154.5,217.5,61,39
142.5,220,51,38
124,216,54,42
104.5,219,59,40
96.5,217,55,42
99,215.5,58,37
113.5,210.5,55,37
128,210,56,36
143,206.5,58,39
151.5,195.5,59,41
163.5,190.5,53,37
164,178,56,44
158.5,174,57,46
156,173.5,58,41
152.5,174,53,36
143.5,168.5,59,39
138.5,163.5,65,39
141,158.5,56,41
128.5,155,55,38
113,150.5,62,41
100.5,151,65,38
94,147.5,58,43
90.5,143.5,59,39
91,140.5,58,41
89.5,142,65,38
116.5,134.5,59,37
140,131,62,40
167.5,125.5,65,37
201.5,120.5,67,37
234.5,115,61,42
251,116.5,60,41
263.5,115,61,40
269,114,62,46
269.5,115.5,59,49
279.5,121.5,55,37
281.5,117.5,59,43
284.5,118.5,57,39
279,120,60,38
274.5,118,55,40
269.5,122,53,40
261.5,122.5,63,41
257.5,125.5,59,39
241,122.5,56,43
222,125.5,58,39
202.5,126,57,40
193.5,123,55,44
180,126,56,42
169,126.5,60,39
172,126,56,40
180,125,58,36
200,119.5,62,39
219,118.5,62,37
234,110.5,62,41
247.5,108.5,57,39
242,112,62,42
241.5,112,57,48
239.5,113,69,42
255.5,110,55,42
261,105,64,42
270,102.5,62,47
272,109.5,68,35
283,108,58,44
278,113,58,36
270.5,116.5,63,37
264.5,119.5,57,39
245.5,123,63,38
238,130.5,54,39
220.5,129,57,42
209,137,58,40
199.5,141.5,55,37
190,146.5,56,37
193,150.5,58,37
210.5,153,53,40
235.5,159,55,38
264,163.5,58,41
291.5,171,57,38
307.5,175,65,42
326.5,181,53,38
331,180.5,56,45
330.5,187.5,53,41
323.5,192,59,38
317.5,200,55,40
309.5,205,57,42
297,211.5,58,39
286.5,215.5,59,39
272.5,220.5,61,43
263,225,60,48
254,233.5,62,37
253,235,54,40
233.5,240.5,63,43
225.5,245,61,40
226,249.5,58,41
214.5,252,59,40
214,257,56,38
206,258.5,58,43
196.5,264.5,61,41
189.5,272,59,44
178.5,276,61,42
169.5,276.5,63,37
159.5,276.5,65,39
158,276,58,36
155,275.5,58,43
155,281,66,38
161,277,66,42
169.5,280,63,44
175.5,286.5,63,35
178.5,290,63,34
179,291,64,38
176.5,292,65,38
176,289,62,44
171,290,60,40
161,292,66,40
165,290.5,60,39
167,288,58,42
165.5,285,61,38
172,276.5,62,35
180,267.5,64,37
193,256,62,40
206.5,252,57,32
216,242.5,60,37
228,239.5,60,37
237,241.5,62,37
240.5,245.5,61,37
249,249.5,52,35
249,250,58,38
255,252.5,62,35
264.5,253,55,44
276,248.5,58,43
284.5,253,57,38
295,253.5,56,39
303,253,60,42
311.5,259,59,44
314,267.5,60,39
313.5,273,53,44
303.5,282,53,40
298,284,56,44
291.5,290,59,48
287,294,58,50
282,297.5,54,45
283.5,299.5,51,45
281.5,304,59,42
296.5,299.5,51,45
305.5,294,49,48
314,296,56,38
323.5,289.5,49,51
328.5,294.5,39,47
312.5,298.5,47,41
301.5,296,41,50
283.5,294.5,43,51
272.5,295.5,39,49
262,291.5,42,49
257.5,281.5,45,53
252,278.5,40,47
250.5,276,37,46
252.5,267,35,46
254,254,42,48
255,234.5,40,47
260,216,40,46
272,188,44,52
293.5,178.5,41,45
310.5,180,43,46
336,183,40,52
351.5,193,39,48
355.5,202.5,37,47
352,206.5,40,53
352,214,40,56
353.5,223,37,52
358.5,232.5,35,53
365.5,236.5,33,55
366.5,237.5,39,61
380,244.5,30,53
388,245,32,48
390.5,236,33,48
382.5,223,33,54
368,215,28,52
341.5,204.5,31,53
308.5,191.5,33,47
278,172,32,52
248,145,28,56
216,119,32,54
188.5,90.5,33,53
174,67,32,56
160.5,49.5,33,55
158.5,40.5,31,55
172,46.5,32,57
191,54.5,32,53
209,62,36,56
228,70.5,36,57
250,83,34,52
267,92,36,54
287,102.5,34,51
306.5,112.5,33,49
324.5,121,33,58
340,128,40,58
362,143.5,34,53
379.5,153,33,56
394,163,38,52
406.5,172,33,54
414.5,182,35,50
425,189.5,28,55
429.5,201.5,33,51
436,209,34,56
441,213.5,30,51
439.5,227,35,58
438.5,244.5,29,55
436,252.5,32,55
432.5,258.5,29,59
428,268,28,48
417.5,274,31,52
403.5,279.5,37,47
387,282.5,30,47
368.5,281,37,48
355.5,272.5,31,53
335,265.5,38,53
329,260.5,36,51
337,260.5,36,45
351,265,42,50
370.5,269,41,52
390.5,275.5,37,51
405,280,42,50
422.5,283.5,39,55
429.5,286,41,54
433,289.5,44,51
439,290,42,54
432.5,294,43,48
422.5,290,49,56
422.5,296.5,47,51
406.5,293,55,56
406.5,293,55,56
393,295.5,52,55
384,300.5,52,51
379,296.5,52,57
375,296.5,56,55
372,295,56,52
371.5,288.5,57,51
368.5,281.5,57,53
362,278.5,58,47
353.5,272.5,61,51
346.5,266,61,50
336,261.5,64,47
331,253.5,66,45
332.5,247,65,44
345,242,62,46
366,245.5,58,47
383.5,250.5,61,47
401,256.5,62,47
409,261,64,46
425,271,58,42
427,272,66,46
433,277,62,42
429,278,66,42
422.5,281.5,63,39
410.5,284,71,40
401.5,281.5,73,45
396.5,284,71,40
390.5,284,75,44
392,286,72,40
388.5,284.5,75,45
387,282,74,46
386,283,66,42
369.5,282,77,44
361,275.5,70,47
342.5,276.5,71,39
329.5,273.5,71,39
317.5,267.5,73,45
319,271,68,44
320.5,265.5,69,47
324.5,277,71,42
331,280,74,40
338.5,284,73,34
348,282,68,40
354,276.5,70,39
360.5,276,71,42
370,273.5,68,33
368,270,68,38
372,264.5,70,39
371.5,263,73,38
376,257.5,68,41
373.5,250.5,67,39
367,248,66,34
357,240,72,44
352.5,242,73,40
351.5,243.5,65,41
346.5,252,73,30
348,246,72,44
355.5,252,69,44
363.5,258,71,38
372.5,256.5,79,41
394,260.5,70,41
400.5,262.5,71,47
400.5,270.5,73,43
399.5,273,77,48
405,281,72,48
402,284.5,68,43
391.5,291.5,67,45
374,298.5,62,39
337,303.5,70,45
318,311,66,40
290.5,315.5,73,39
271,316,76,38
270,303,72,42
276,292,68,38
281,276.5,68,37
278.5,259.5,65,33
270.5,240.5,71,33
271,221,68,40
281,213,70,38
295.5,203,69,40
315,198.5,70,47
319.5,202,81,46
342.5,208,75,48
360,210.5,72,43
374.5,215.5,69,45
385.5,222,71,38
397.5,227,73,38
413.5,230.5,67,33
418.5,237.5,71,29
431,232.5,72,41
440.5,240,67,38
445,241.5,70,39
450.5,249,73,30
458.5,250,73,34
462.5,251.5,73,35
468,253,74,40
476.5,256,73,32
484.5,253.5,75,41
495.5,254.5,71,47
503.5,260.5,69,49
500.5,263.5,71,47
499,268,72,48
489.5,274,79,44
490,275.5,72,43
475,277.5,80,41
476.5,277.5,71,45
463.5,283.5,81,37
463,286.5,74,39
455,282,78,38
449,283.5,80,39
457,283,76,40
467.5,284,75,42
479.5,292,73,40
490.5,298,71,42
502,303.5,72,41
514,312.5,70,35
523,316,74,38
534,323.5,74,37
548,329.5,68,37
551,340.5,78,35
566,343,70,40
572.5,353.5,71,37
585,359.5,68,37
589,364.5,74,37
599.5,375,69,36
610,381,68,40
610.5,393,73,34
615.5,400.5,69,33
608.5,406.5,73,39
601.5,414,71,36
584.5,424,71,34
566.5,428,67,36
546,440.5,72,31
528,450,78,26
519.5,458.5,77,23
513.5,460.5,79,27
513.5,460.5,75,23
516,450.5,72,29
506.5,419,75,44
512,382,74,32
505,322.5,74,37
502,294,72,42
487,275.5,76,35
469.5,268,75,40
448,264.5,78,41
425.5,265,77,42
407,264.5,78,41
402.5,266,73,40
399.5,266.5,79,39
405,263.5,76,41
406,266.5,76,39
411.5,269.5,73,43
413,276,78,44
412.5,284.5,79,37
416.5,287.5,75,37
414.5,296.5,79,41
416.5,300,77,40
411.5,306,81,36
426,309,68,34
423,311,72,38
421.5,314.5,75,39
420,322,72,36
399,326,80,38
387.5,336,73,34
368,339,76,38
344,348.5,78,35
318,352,78,42
289.5,355.5,79,49
271,367,74,32
250,370.5,74,35
238.5,365.5,77,39
236,362,76,40
229.5,364,79,36
226,364.5,78,37
226,358.5,76,47
222,360,78,36
214,351.5,80,43
212.5,350.5,79,39
206.5,346,77,44
206.5,349,75,38
200.5,348,75,38
192.5,349.5,77,35
188,347.5,74,41
180.5,347,77,42
171.5,345.5,79,43
169.5,346,75,44
162.5,347.5,77,37
159,343.5,78,47
152.5,345,75,42
150.5,343,71,40
137.5,337.5,79,35
134,334,74,38
125,332.5,78,39
117.5,332,73,38
109.5,333.5,73,39
109.5,333.5,73,39
95.5,336.5,71,43
88.5,344.5,73,41
76.5,359,73,34
67.5,367,77,36
67,370.5,66,39
50,383,76,36
41,391.5,72,35
29.5,395,69,36
