553,246,25,77
553,246,24,77
552,247,24,77
552,247,23,77
551,248,23,77
549,248,23,77
548,249,23,77
547,249,23,77
546,250,23,78
545,250,23,78
544,250,23,78
543,251,23,78
542,251,23,78
542,251,23,79
541,250,23,79
541,250,23,80
540,250,23,79
539,250,23,79
538,250,23,78
537,250,23,78
537,250,23,78
536,250,23,78
536,251,23,78
535,251,23,78
535,252,23,78
534,253,23,78
532,253,23,78
531,254,23,78
531,254,23,78
530,255,23,78
530,255,23,78
529,255,23,78
528,256,23,78
527,256,23,78
526,256,23,78
526,256,23,78
525,256,23,78
524,256,23,78
524,256,23,78
523,256,23,78
522,257,23,78
522,257,23,78
521,258,23,78
520,259,23,78
519,260,23,78
518,261,23,78
518,261,23,78
518,261,23,78
518,261,23,78
517,261,23,78
515,260,23,78
514,260,23,78
513,260,23,78
513,260,23,78
512,260,23,78
511,261,23,78
511,261,23,78
510,262,23,78
510,263,23,78
509,263,23,78
509,264,23,78
508,265,23,78
508,265,23,78
507,266,23,78
508,266,23,78
508,265,23,78
509,265,23,78
509,265,23,78
509,265,23,78
509,265,23,78
510,265,23,78
510,265,23,78
511,265,23,78
512,266,23,78
513,266,23,78
514,267,23,78
515,268,23,78
515,269,23,78
516,270,23,78
516,270,23,78
517,270,23,79
517,270,23,79
518,270,23,79
519,270,23,79
520,270,23,79
522,269,23,79
523,269,23,79
525,268,23,79
526,268,23,79
526,268,23,79
527,268,23,79
528,268,23,79
529,269,23,79
530,269,23,79
531,270,23,79
531,270,23,79
532,271,23,79
533,271,23,79
535,272,23,79
536,272,23,79
538,272,23,78
539,271,23,77
541,271,23,76
542,271,23,76
543,272,23,76
544,272,23,76
545,272,23,77
546,272,23,78
547,272,23,79
548,273,23,79
550,273,23,79
551,274,23,79
551,274,23,79
552,273,23,80
552,273,23,80
554,273,23,80
555,273,23,80
557,273,23,80
559,273,23,79
560,273,23,78
562,273,23,77
563,273,23,76
564,273,23,76
565,273,23,75
566,274,23,75
567,274,23,75
568,275,23,75
570,275,23,75
572,275,23,75
574,275,23,75
576,275,23,75
577,276,23,75
579,276,23,75
580,276,23,75
582,275,23,75
583,275,23,75
584,275,23,75
586,276,23,75
587,276,23,75
588,276,23,76
590,277,23,76
591,277,23,77
592,277,23,77
593,278,24,77
594,278,24,77
595,278,24,77
597,279,24,77
598,279,24,77
599,279,24,77
601,279,24,77
602,279,24,77
604,279,24,77
605,279,24,77
607,279,24,77
609,279,24,77
610,279,24,77
612,279,24,77
614,279,24,77
615,280,24,77
617,280,24,77
618,280,24,77
620,281,24,77
621,281,24,77
622,281,24,77
624,282,24,77
625,282,24,77
627,282,24,77
628,282,24,77
630,282,24,77
631,282,24,77
632,282,24,77
633,282,24,77
633,282,24,77
632,282,24,77
632,282,24,77
633,283,24,77
634,283,24,77
635,284,24,77
635,285,24,77
634,285,24,77
634,286,24,77
633,286,24,77
632,285,24,77
631,285,24,77
631,285,24,77
631,286,24,77
631,286,24,77
631,286,24,77
632,285,24,77
632,285,24,77
632,285,24,77
631,285,24,77
631,285,24,77
631,285,24,77
630,285,24,77
630,285,24,77
630,285,24,77
630,286,24,77
630,286,24,77
630,286,24,77
631,287,24,77
631,287,24,77
632,287,24,77
632,287,24,77
633,287,24,77
633,287,24,77
633,287,24,77
633,287,24,77
633,288,24,77
633,289,24,77
633,290,24,77
633,290,24,78
633,290,24,78
633,290,24,79
634,290,24,79
635,290,24,79
636,290,24,79
636,290,24,79
636,290,24,79
636,290,24,79
637,290,24,79
638,291,24,79
639,291,24,79
639,291,24,79
639,292,24,79
639,292,24,79
640,293,24,79
640,293,24,79
641,294,24,79
642,294,24,79
644,295,24,79
645,295,24,79
646,295,24,79
647,295,24,79
648,295,24,79
649,295,24,79
651,294,24,79
652,294,24,79
653,294,24,79
653,295,24,79
654,295,24,79
655,296,24,79
657,296,24,79
658,297,24,79
659,298,24,79
660,299,24,79
661,300,24,79
662,300,24,79
663,300,24,79
664,300,24,79
665,300,24,79
666,300,24,79
667,300,24,79
668,300,24,79
669,300,24,79
670,300,24,79
671,300,24,79
671,300,24,79
672,300,24,79
672,300,24,79
671,300,24,79
671,300,24,79
671,301,24,79
672,301,24,79
672,302,24,79
672,302,24,79
671,302,24,79
671,302,24,79
670,302,24,79
669,302,24,79
668,302,24,79
667,302,24,79
665,302,24,79
664,302,24,79
662,302,24,79
661,302,24,79
659,302,24,79
657,303,24,79
655,303,24,79
653,304,24,79
652,305,24,79
650,305,24,79
649,306,24,79
648,306,24,79
647,305,24,79
646,305,24,79
645,305,24,79
643,304,24,79
642,304,24,79
642,304,24,79
642,304,23,79
642,304,23,79
641,304,23,79
641,304,23,79
640,304,23,79
640,305,23,79
640,305,23,79
640,306,23,79
640,306,23,79
640,306,23,79
640,306,23,79
640,306,23,79
640,306,23,79
640,306,23,79
640,306,23,79
640,306,23,79
640,306,23,79
640,307,23,79
640,308,23,79
640,309,23,79
639,309,23,79
639,309,23,79
638,309,23,79
638,310,23,79
637,312,23,79
637,313,23,79
637,313,23,79
637,312,23,79
637,312,23,79
636,312,23,79
636,311,23,79
635,311,23,79
634,311,23,79
634,311,23,79
633,311,23,79
633,311,23,79
632,311,23,79
632,311,23,79
631,312,23,79
631,312,23,79
630,313,23,79
629,313,23,79
629,314,23,79
628,314,23,79
628,315,23,79
627,315,23,79
627,316,23,79
627,316,23,79
626,316,23,79
626,316,23,79
625,316,23,79
624,317,23,79
623,317,23,79
622,317,23,79
622,318,23,79
621,318,23,79
619,319,24,80
617,319,26,80
615,320,27,81
614,321,28,82
613,321,29,83
612,322,30,84
611,322,30,84
609,321,30,84
608,321,30,84
607,321,30,84
606,320,30,84
605,320,30,84
604,320,30,84
602,320,30,84
601,320,30,84
600,320,30,84
598,321,30,84
597,321,30,84
595,322,30,84
593,323,30,84
591,324,30,84
589,325,30,84
587,326,30,84
585,327,30,84
583,327,30,84
580,327,30,84
578,327,30,84
577,327,30,84
575,328,30,84
574,328,30,84
573,329,30,83
572,329,30,83
571,330,30,82
571,330,30,82
570,331,30,82
570,331,30,82
569,332,30,83
568,333,31,84
567,334,31,85
567,334,31,85
566,335,31,85
566,335,31,85
566,335,31,85
567,335,31,85
567,335,31,85
568,335,30,85
570,335,28,85
571,335,27,85
572,335,27,85
573,334,27,85
574,334,27,85
575,335,27,85
577,336,27,85
578,337,27,85
580,337,27,85
581,338,27,85
583,338,27,85
585,339,27,85
586,339,27,85
588,340,27,85
589,340,27,85
590,340,27,85
591,340,27,85
593,340,27,85
596,340,27,85
598,340,27,85
599,341,27,85
601,341,27,85
602,342,27,85
603,343,27,85
604,344,27,85
605,345,27,85
606,345,27,85
606,345,27,85
607,345,27,85
608,346,27,85
609,346,27,85
610,347,27,85
610,346,27,85
611,346,27,85
611,345,27,85
613,345,27,84
615,345,27,83
617,345,27,82
617,345,27,82
617,345,27,82
617,345,27,82
618,345,27,82
618,346,27,82
619,346,27,82
619,347,27,82
620,347,27,82
620,348,27,82
621,348,27,82
622,347,27,82
623,347,27,82
624,347,27,82
625,346,27,82
626,346,27,82
626,346,27,82
627,346,27,82
627,346,27,82
627,346,27,82
626,347,27,82
626,347,27,82
625,347,27,82
625,348,27,82
624,348,27,82
623,348,27,82
622,348,27,82
621,348,27,82
620,348,27,82
618,348,27,82
617,348,27,82
616,347,27,82
616,346,27,82
615,345,27,82
613,345,27,82
612,345,27,82
610,345,27,82
608,345,27,82
607,345,27,82
605,345,27,82
604,345,27,82
602,346,27,82
601,346,27,82
600,346,27,82
598,346,27,82
597,346,27,82
595,346,27,81
594,345,27,80
592,345,27,79
591,344,27,79
591,344,27,79
590,343,27,79
588,343,27,80
587,343,27,81
585,343,27,82
585,343,27,82
584,344,27,82
584,344,27,82
584,345,27,82
584,345,27,83
584,346,27,83
584,346,27,83
584,345,27,83
584,345,27,83
584,345,27,83
584,345,27,83
584,345,27,83
586,343,27,82
589,342,27,82
591,340,27,81
592,340,27,81
